(NB_2139) C:\Users\Yash\Downloads>python path_finder_test.py
path is [(0, 0)]
path is [(0, 0), (0, 1)]
path is [(0, 0), (0, 1), (1, 1)]
path is [(0, 0), (0, 1), (1, 1), (2, 1)]
path is [(0, 0), (0, 1), (1, 1), (2, 1), (3, 1)]
path is [(0, 0), (0, 1), (1, 1), (2, 1)]
path is [(0, 0), (0, 1), (1, 1)]
path is [(0, 0), (0, 1), (1, 1), (1, 0)]
path is [(0, 0), (0, 1), (1, 1), (1, 0), (2, 0)]
path is [(0, 0), (0, 1), (1, 1), (1, 0), (2, 0), (3, 0)]
path is [(0, 0), (0, 1), (1, 1), (1, 0), (2, 0), (3, 0), (4, 0)]
path is [(0, 0), (0, 1), (1, 1), (1, 0), (2, 0), (3, 0), (4, 0), (5, 0)]
path is [(0, 0), (0, 1), (1, 1), (1, 0), (2, 0), (3, 0), (4, 0), (5, 0), (6, 0)]
path is [(0, 0), (0, 1), (1, 1), (1, 0), (2, 0), (3, 0), (4, 0), (5, 0), (6, 0), (7, 0)]
path is [(0, 0), (0, 1), (1, 1), (1, 0), (2, 0), (3, 0), (4, 0), (5, 0), (6, 0), (7, 0), (8, 0)]
path is [(0, 0), (0, 1), (1, 1), (1, 0), (2, 0), (3, 0), (4, 0), (5, 0), (6, 0), (7, 0), (8, 0), (9, 0)]
path is [(0, 0), (0, 1), (1, 1), (1, 0), (2, 0), (3, 0), (4, 0), (5, 0), (6, 0), (7, 0), (8, 0)]
path is [(0, 0), (0, 1), (1, 1), (1, 0), (2, 0), (3, 0), (4, 0), (5, 0), (6, 0), (7, 0)]
path is [(0, 0), (0, 1), (1, 1), (1, 0), (2, 0), (3, 0), (4, 0), (5, 0), (6, 0)]
path is [(0, 0), (0, 1), (1, 1), (1, 0), (2, 0), (3, 0), (4, 0), (5, 0), (6, 0), (6, 1)]
path is [(0, 0), (0, 1), (1, 1), (1, 0), (2, 0), (3, 0), (4, 0), (5, 0), (6, 0), (6, 1), (7, 1)]
path is [(0, 0), (0, 1), (1, 1), (1, 0), (2, 0), (3, 0), (4, 0), (5, 0), (6, 0), (6, 1), (7, 1), (8, 1)]
path is [(0, 0), (0, 1), (1, 1), (1, 0), (2, 0), (3, 0), (4, 0), (5, 0), (6, 0), (6, 1), (7, 1), (8, 1), (9, 1)]
path is [(0, 0), (0, 1), (1, 1), (1, 0), (2, 0), (3, 0), (4, 0), (5, 0), (6, 0), (6, 1), (7, 1), (8, 1), (9, 1), (9, 2)]
path is [(0, 0), (0, 1), (1, 1), (1, 0), (2, 0), (3, 0), (4, 0), (5, 0), (6, 0), (6, 1), (7, 1), (8, 1), (9, 1), (9, 2), (9, 3)]
path is [(0, 0), (0, 1), (1, 1), (1, 0), (2, 0), (3, 0), (4, 0), (5, 0), (6, 0), (6, 1), (7, 1), (8, 1), (9, 1), (9, 2), (9, 3), (9, 4)]
path is [(0, 0), (0, 1), (1, 1), (1, 0), (2, 0), (3, 0), (4, 0), (5, 0), (6, 0), (6, 1), (7, 1), (8, 1), (9, 1), (9, 2), (9, 3), (9, 4), (9, 5)]
path is [(0, 0), (0, 1), (1, 1), (1, 0), (2, 0), (3, 0), (4, 0), (5, 0), (6, 0), (6, 1), (7, 1), (8, 1), (9, 1), (9, 2), (9, 3), (9, 4), (9, 5), (8, 5)]
path is [(0, 0), (0, 1), (1, 1), (1, 0), (2, 0), (3, 0), (4, 0), (5, 0), (6, 0), (6, 1), (7, 1), (8, 1), (9, 1), (9, 2), (9, 3), (9, 4), (9, 5), (8, 5), (7, 5)]
path is [(0, 0), (0, 1), (1, 1), (1, 0), (2, 0), (3, 0), (4, 0), (5, 0), (6, 0), (6, 1), (7, 1), (8, 1), (9, 1), (9, 2), (9, 3), (9, 4), (9, 5), (8, 5), (7, 5), (6, 5)]
path is [(0, 0), (0, 1), (1, 1), (1, 0), (2, 0), (3, 0), (4, 0), (5, 0), (6, 0), (6, 1), (7, 1), (8, 1), (9, 1), (9, 2), (9, 3), (9, 4), (9, 5), (8, 5), (7, 5), (6, 5), (5, 5)]
path is [(0, 0), (0, 1), (1, 1), (1, 0), (2, 0), (3, 0), (4, 0), (5, 0), (6, 0), (6, 1), (7, 1), (8, 1), (9, 1), (9, 2), (9, 3), (9, 4), (9, 5), (8, 5), (7, 5), (6, 5), (5, 5), (5, 6)]
path is [(0, 0), (0, 1), (1, 1), (1, 0), (2, 0), (3, 0), (4, 0), (5, 0), (6, 0), (6, 1), (7, 1), (8, 1), (9, 1), (9, 2), (9, 3), (9, 4), (9, 5), (8, 5), (7, 5), (6, 5), (5, 5), (5, 6), (6, 6)]
path is [(0, 0), (0, 1), (1, 1), (1, 0), (2, 0), (3, 0), (4, 0), (5, 0), (6, 0), (6, 1), (7, 1), (8, 1), (9, 1), (9, 2), (9, 3), (9, 4), (9, 5), (8, 5), (7, 5), (6, 5), (5, 5), (5, 6), (6, 6), (6, 7)]
path is [(0, 0), (0, 1), (1, 1), (1, 0), (2, 0), (3, 0), (4, 0), (5, 0), (6, 0), (6, 1), (7, 1), (8, 1), (9, 1), (9, 2), (9, 3), (9, 4), (9, 5), (8, 5), (7, 5), (6, 5), (5, 5), (5, 6), (6, 6), (6, 7), (5, 7)]
path is [(0, 0), (0, 1), (1, 1), (1, 0), (2, 0), (3, 0), (4, 0), (5, 0), (6, 0), (6, 1), (7, 1), (8, 1), (9, 1), (9, 2), (9, 3), (9, 4), (9, 5), (8, 5), (7, 5), (6, 5), (5, 5), (5, 6), (6, 6), (6, 7), (5, 7), (5, 8)]
path is [(0, 0), (0, 1), (1, 1), (1, 0), (2, 0), (3, 0), (4, 0), (5, 0), (6, 0), (6, 1), (7, 1), (8, 1), (9, 1), (9, 2), (9, 3), (9, 4), (9, 5), (8, 5), (7, 5), (6, 5), (5, 5), (5, 6), (6, 6), (6, 7), (5, 7), (5, 8), (6, 8)]
path is [(0, 0), (0, 1), (1, 1), (1, 0), (2, 0), (3, 0), (4, 0), (5, 0), (6, 0), (6, 1), (7, 1), (8, 1), (9, 1), (9, 2), (9, 3), (9, 4), (9, 5), (8, 5), (7, 5), (6, 5), (5, 5), (5, 6), (6, 6), (6, 7), (5, 7), (5, 8), (6, 8), (7, 8)]
path is [(0, 0), (0, 1), (1, 1), (1, 0), (2, 0), (3, 0), (4, 0), (5, 0), (6, 0), (6, 1), (7, 1), (8, 1), (9, 1), (9, 2), (9, 3), (9, 4), (9, 5), (8, 5), (7, 5), (6, 5), (5, 5), (5, 6), (6, 6), (6, 7), (5, 7), (5, 8), (6, 8), (7, 8), (8, 8)]
path is [(0, 0), (0, 1), (1, 1), (1, 0), (2, 0), (3, 0), (4, 0), (5, 0), (6, 0), (6, 1), (7, 1), (8, 1), (9, 1), (9, 2), (9, 3), (9, 4), (9, 5), (8, 5), (7, 5), (6, 5), (5, 5), (5, 6), (6, 6), (6, 7), (5, 7), (5, 8), (6, 8), (7, 8), (8, 8), (8, 7)]
path is [(0, 0), (0, 1), (1, 1), (1, 0), (2, 0), (3, 0), (4, 0), (5, 0), (6, 0), (6, 1), (7, 1), (8, 1), (9, 1), (9, 2), (9, 3), (9, 4), (9, 5), (8, 5), (7, 5), (6, 5), (5, 5), (5, 6), (6, 6), (6, 7), (5, 7), (5, 8), (6, 8), (7, 8), (8, 8), (8, 7), (7, 7)]
path is [(0, 0), (0, 1), (1, 1), (1, 0), (2, 0), (3, 0), (4, 0), (5, 0), (6, 0), (6, 1), (7, 1), (8, 1), (9, 1), (9, 2), (9, 3), (9, 4), (9, 5), (8, 5), (7, 5), (6, 5), (5, 5), (5, 6), (6, 6), (6, 7), (5, 7), (5, 8), (6, 8), (7, 8), (8, 8), (8, 7), (7, 7), (7, 6)]
path is [(0, 0), (0, 1), (1, 1), (1, 0), (2, 0), (3, 0), (4, 0), (5, 0), (6, 0), (6, 1), (7, 1), (8, 1), (9, 1), (9, 2), (9, 3), (9, 4), (9, 5), (8, 5), (7, 5), (6, 5), (5, 5), (5, 6), (6, 6), (6, 7), (5, 7), (5, 8), (6, 8), (7, 8), (8, 8), (8, 7), (7, 7), (7, 6), (8, 6)]
path is [(0, 0), (0, 1), (1, 1), (1, 0), (2, 0), (3, 0), (4, 0), (5, 0), (6, 0), (6, 1), (7, 1), (8, 1), (9, 1), (9, 2), (9, 3), (9, 4), (9, 5), (8, 5), (7, 5), (6, 5), (5, 5), (5, 6), (6, 6), (6, 7), (5, 7), (5, 8), (6, 8), (7, 8), (8, 8), (8, 7), (7, 7), (7, 6), (8, 6), (9, 6)]
path is [(0, 0), (0, 1), (1, 1), (1, 0), (2, 0), (3, 0), (4, 0), (5, 0), (6, 0), (6, 1), (7, 1), (8, 1), (9, 1), (9, 2), (9, 3), (9, 4), (9, 5), (8, 5), (7, 5), (6, 5), (5, 5), (5, 6), (6, 6), (6, 7), (5, 7), (5, 8), (6, 8), (7, 8), (8, 8), (8, 7), (7, 7), (7, 6), (8, 6), (9, 6), (9, 7)]
path is [(0, 0), (0, 1), (1, 1), (1, 0), (2, 0), (3, 0), (4, 0), (5, 0), (6, 0), (6, 1), (7, 1), (8, 1), (9, 1), (9, 2), (9, 3), (9, 4), (9, 5), (8, 5), (7, 5), (6, 5), (5, 5), (5, 6), (6, 6), (6, 7), (5, 7), (5, 8), (6, 8), (7, 8), (8, 8), (8, 7), (7, 7), (7, 6), (8, 6), (9, 6), (9, 7), (9, 8)]
path is [(0, 0), (0, 1), (1, 1), (1, 0), (2, 0), (3, 0), (4, 0), (5, 0), (6, 0), (6, 1), (7, 1), (8, 1), (9, 1), (9, 2), (9, 3), (9, 4), (9, 5), (8, 5), (7, 5), (6, 5), (5, 5), (5, 6), (6, 6), (6, 7), (5, 7), (5, 8), (6, 8), (7, 8), (8, 8), (8, 7), (7, 7), (7, 6), (8, 6), (9, 6), (9, 7), (9, 8), (9, 9)]
path is [(0, 0), (0, 1), (1, 1), (1, 0), (2, 0), (3, 0), (4, 0), (5, 0), (6, 0), (6, 1), (7, 1), (8, 1), (9, 1), (9, 2), (9, 3), (9, 4), (9, 5), (8, 5), (7, 5), (6, 5), (5, 5), (5, 6), (6, 6), (6, 7), (5, 7), (5, 8), (6, 8), (7, 8), (8, 8), (8, 7), (7, 7), (7, 6), (8, 6), (9, 6), (9, 7), (9, 8), (9, 9), (8, 9)]
path is [(0, 0), (0, 1), (1, 1), (1, 0), (2, 0), (3, 0), (4, 0), (5, 0), (6, 0), (6, 1), (7, 1), (8, 1), (9, 1), (9, 2), (9, 3), (9, 4), (9, 5), (8, 5), (7, 5), (6, 5), (5, 5), (5, 6), (6, 6), (6, 7), (5, 7), (5, 8), (6, 8), (7, 8), (8, 8), (8, 7), (7, 7), (7, 6), (8, 6), (9, 6), (9, 7), (9, 8), (9, 9), (8, 9), (7, 9)]
path is [(0, 0), (0, 1), (1, 1), (1, 0), (2, 0), (3, 0), (4, 0), (5, 0), (6, 0), (6, 1), (7, 1), (8, 1), (9, 1), (9, 2), (9, 3), (9, 4), (9, 5), (8, 5), (7, 5), (6, 5), (5, 5), (5, 6), (6, 6), (6, 7), (5, 7), (5, 8), (6, 8), (7, 8), (8, 8), (8, 7), (7, 7), (7, 6), (8, 6), (9, 6), (9, 7), (9, 8), (9, 9), (8, 9)]
path is [(0, 0), (0, 1), (1, 1), (1, 0), (2, 0), (3, 0), (4, 0), (5, 0), (6, 0), (6, 1), (7, 1), (8, 1), (9, 1), (9, 2), (9, 3), (9, 4), (9, 5), (8, 5), (7, 5), (6, 5), (5, 5), (5, 6), (6, 6), (6, 7), (5, 7), (5, 8), (6, 8), (7, 8), (8, 8), (8, 7), (7, 7), (7, 6), (8, 6), (9, 6), (9, 7), (9, 8), (9, 9)]
path is [(0, 0), (0, 1), (1, 1), (1, 0), (2, 0), (3, 0), (4, 0), (5, 0), (6, 0), (6, 1), (7, 1), (8, 1), (9, 1), (9, 2), (9, 3), (9, 4), (9, 5), (8, 5), (7, 5), (6, 5), (5, 5), (5, 6), (6, 6), (6, 7), (5, 7), (5, 8), (6, 8), (7, 8), (8, 8), (8, 7), (7, 7), (7, 6), (8, 6), (9, 6), (9, 7), (9, 8)]
path is [(0, 0), (0, 1), (1, 1), (1, 0), (2, 0), (3, 0), (4, 0), (5, 0), (6, 0), (6, 1), (7, 1), (8, 1), (9, 1), (9, 2), (9, 3), (9, 4), (9, 5), (8, 5), (7, 5), (6, 5), (5, 5), (5, 6), (6, 6), (6, 7), (5, 7), (5, 8), (6, 8), (7, 8), (8, 8), (8, 7), (7, 7), (7, 6), (8, 6), (9, 6), (9, 7)]
path is [(0, 0), (0, 1), (1, 1), (1, 0), (2, 0), (3, 0), (4, 0), (5, 0), (6, 0), (6, 1), (7, 1), (8, 1), (9, 1), (9, 2), (9, 3), (9, 4), (9, 5), (8, 5), (7, 5), (6, 5), (5, 5), (5, 6), (6, 6), (6, 7), (5, 7), (5, 8), (6, 8), (7, 8), (8, 8), (8, 7), (7, 7), (7, 6), (8, 6), (9, 6)]
path is [(0, 0), (0, 1), (1, 1), (1, 0), (2, 0), (3, 0), (4, 0), (5, 0), (6, 0), (6, 1), (7, 1), (8, 1), (9, 1), (9, 2), (9, 3), (9, 4), (9, 5), (8, 5), (7, 5), (6, 5), (5, 5), (5, 6), (6, 6), (6, 7), (5, 7), (5, 8), (6, 8), (7, 8), (8, 8), (8, 7), (7, 7), (7, 6), (8, 6)]
path is [(0, 0), (0, 1), (1, 1), (1, 0), (2, 0), (3, 0), (4, 0), (5, 0), (6, 0), (6, 1), (7, 1), (8, 1), (9, 1), (9, 2), (9, 3), (9, 4), (9, 5), (8, 5), (7, 5), (6, 5), (5, 5), (5, 6), (6, 6), (6, 7), (5, 7), (5, 8), (6, 8), (7, 8), (8, 8), (8, 7), (7, 7), (7, 6)]
path is [(0, 0), (0, 1), (1, 1), (1, 0), (2, 0), (3, 0), (4, 0), (5, 0), (6, 0), (6, 1), (7, 1), (8, 1), (9, 1), (9, 2), (9, 3), (9, 4), (9, 5), (8, 5), (7, 5), (6, 5), (5, 5), (5, 6), (6, 6), (6, 7), (5, 7), (5, 8), (6, 8), (7, 8), (8, 8), (8, 7), (7, 7)]
path is [(0, 0), (0, 1), (1, 1), (1, 0), (2, 0), (3, 0), (4, 0), (5, 0), (6, 0), (6, 1), (7, 1), (8, 1), (9, 1), (9, 2), (9, 3), (9, 4), (9, 5), (8, 5), (7, 5), (6, 5), (5, 5), (5, 6), (6, 6), (6, 7), (5, 7), (5, 8), (6, 8), (7, 8), (8, 8), (8, 7)]
path is [(0, 0), (0, 1), (1, 1), (1, 0), (2, 0), (3, 0), (4, 0), (5, 0), (6, 0), (6, 1), (7, 1), (8, 1), (9, 1), (9, 2), (9, 3), (9, 4), (9, 5), (8, 5), (7, 5), (6, 5), (5, 5), (5, 6), (6, 6), (6, 7), (5, 7), (5, 8), (6, 8), (7, 8), (8, 8)]
path is [(0, 0), (0, 1), (1, 1), (1, 0), (2, 0), (3, 0), (4, 0), (5, 0), (6, 0), (6, 1), (7, 1), (8, 1), (9, 1), (9, 2), (9, 3), (9, 4), (9, 5), (8, 5), (7, 5), (6, 5), (5, 5), (5, 6), (6, 6), (6, 7), (5, 7), (5, 8), (6, 8), (7, 8)]
path is [(0, 0), (0, 1), (1, 1), (1, 0), (2, 0), (3, 0), (4, 0), (5, 0), (6, 0), (6, 1), (7, 1), (8, 1), (9, 1), (9, 2), (9, 3), (9, 4), (9, 5), (8, 5), (7, 5), (6, 5), (5, 5), (5, 6), (6, 6), (6, 7), (5, 7), (5, 8), (6, 8)]
path is [(0, 0), (0, 1), (1, 1), (1, 0), (2, 0), (3, 0), (4, 0), (5, 0), (6, 0), (6, 1), (7, 1), (8, 1), (9, 1), (9, 2), (9, 3), (9, 4), (9, 5), (8, 5), (7, 5), (6, 5), (5, 5), (5, 6), (6, 6), (6, 7), (5, 7), (5, 8)]
path is [(0, 0), (0, 1), (1, 1), (1, 0), (2, 0), (3, 0), (4, 0), (5, 0), (6, 0), (6, 1), (7, 1), (8, 1), (9, 1), (9, 2), (9, 3), (9, 4), (9, 5), (8, 5), (7, 5), (6, 5), (5, 5), (5, 6), (6, 6), (6, 7), (5, 7)]
path is [(0, 0), (0, 1), (1, 1), (1, 0), (2, 0), (3, 0), (4, 0), (5, 0), (6, 0), (6, 1), (7, 1), (8, 1), (9, 1), (9, 2), (9, 3), (9, 4), (9, 5), (8, 5), (7, 5), (6, 5), (5, 5), (5, 6), (6, 6), (6, 7)]
path is [(0, 0), (0, 1), (1, 1), (1, 0), (2, 0), (3, 0), (4, 0), (5, 0), (6, 0), (6, 1), (7, 1), (8, 1), (9, 1), (9, 2), (9, 3), (9, 4), (9, 5), (8, 5), (7, 5), (6, 5), (5, 5), (5, 6), (6, 6)]
path is [(0, 0), (0, 1), (1, 1), (1, 0), (2, 0), (3, 0), (4, 0), (5, 0), (6, 0), (6, 1), (7, 1), (8, 1), (9, 1), (9, 2), (9, 3), (9, 4), (9, 5), (8, 5), (7, 5), (6, 5), (5, 5), (5, 6)]
path is [(0, 0), (0, 1), (1, 1), (1, 0), (2, 0), (3, 0), (4, 0), (5, 0), (6, 0), (6, 1), (7, 1), (8, 1), (9, 1), (9, 2), (9, 3), (9, 4), (9, 5), (8, 5), (7, 5), (6, 5), (5, 5)]
path is [(0, 0), (0, 1), (1, 1), (1, 0), (2, 0), (3, 0), (4, 0), (5, 0), (6, 0), (6, 1), (7, 1), (8, 1), (9, 1), (9, 2), (9, 3), (9, 4), (9, 5), (8, 5), (7, 5), (6, 5)]
path is [(0, 0), (0, 1), (1, 1), (1, 0), (2, 0), (3, 0), (4, 0), (5, 0), (6, 0), (6, 1), (7, 1), (8, 1), (9, 1), (9, 2), (9, 3), (9, 4), (9, 5), (8, 5), (7, 5)]
path is [(0, 0), (0, 1), (1, 1), (1, 0), (2, 0), (3, 0), (4, 0), (5, 0), (6, 0), (6, 1), (7, 1), (8, 1), (9, 1), (9, 2), (9, 3), (9, 4), (9, 5), (8, 5), (7, 5), (7, 4)]
path is [(0, 0), (0, 1), (1, 1), (1, 0), (2, 0), (3, 0), (4, 0), (5, 0), (6, 0), (6, 1), (7, 1), (8, 1), (9, 1), (9, 2), (9, 3), (9, 4), (9, 5), (8, 5), (7, 5), (7, 4), (7, 3)]
path is [(0, 0), (0, 1), (1, 1), (1, 0), (2, 0), (3, 0), (4, 0), (5, 0), (6, 0), (6, 1), (7, 1), (8, 1), (9, 1), (9, 2), (9, 3), (9, 4), (9, 5), (8, 5), (7, 5), (7, 4)]
path is [(0, 0), (0, 1), (1, 1), (1, 0), (2, 0), (3, 0), (4, 0), (5, 0), (6, 0), (6, 1), (7, 1), (8, 1), (9, 1), (9, 2), (9, 3), (9, 4), (9, 5), (8, 5), (7, 5)]
path is [(0, 0), (0, 1), (1, 1), (1, 0), (2, 0), (3, 0), (4, 0), (5, 0), (6, 0), (6, 1), (7, 1), (8, 1), (9, 1), (9, 2), (9, 3), (9, 4), (9, 5), (8, 5)]
path is [(0, 0), (0, 1), (1, 1), (1, 0), (2, 0), (3, 0), (4, 0), (5, 0), (6, 0), (6, 1), (7, 1), (8, 1), (9, 1), (9, 2), (9, 3), (9, 4), (9, 5)]
path is [(0, 0), (0, 1), (1, 1), (1, 0), (2, 0), (3, 0), (4, 0), (5, 0), (6, 0), (6, 1), (7, 1), (8, 1), (9, 1), (9, 2), (9, 3), (9, 4)]
path is [(0, 0), (0, 1), (1, 1), (1, 0), (2, 0), (3, 0), (4, 0), (5, 0), (6, 0), (6, 1), (7, 1), (8, 1), (9, 1), (9, 2), (9, 3), (9, 4), (8, 4)]
path is [(0, 0), (0, 1), (1, 1), (1, 0), (2, 0), (3, 0), (4, 0), (5, 0), (6, 0), (6, 1), (7, 1), (8, 1), (9, 1), (9, 2), (9, 3), (9, 4), (8, 4), (8, 3)]
path is [(0, 0), (0, 1), (1, 1), (1, 0), (2, 0), (3, 0), (4, 0), (5, 0), (6, 0), (6, 1), (7, 1), (8, 1), (9, 1), (9, 2), (9, 3), (9, 4), (8, 4), (8, 3), (8, 2)]
path is [(0, 0), (0, 1), (1, 1), (1, 0), (2, 0), (3, 0), (4, 0), (5, 0), (6, 0), (6, 1), (7, 1), (8, 1), (9, 1), (9, 2), (9, 3), (9, 4), (8, 4), (8, 3), (8, 2), (7, 2)]
path is [(0, 0), (0, 1), (1, 1), (1, 0), (2, 0), (3, 0), (4, 0), (5, 0), (6, 0), (6, 1), (7, 1), (8, 1), (9, 1), (9, 2), (9, 3), (9, 4), (8, 4), (8, 3), (8, 2), (7, 2), (6, 2)]
path is [(0, 0), (0, 1), (1, 1), (1, 0), (2, 0), (3, 0), (4, 0), (5, 0), (6, 0), (6, 1), (7, 1), (8, 1), (9, 1), (9, 2), (9, 3), (9, 4), (8, 4), (8, 3), (8, 2), (7, 2), (6, 2), (6, 3)]
path is [(0, 0), (0, 1), (1, 1), (1, 0), (2, 0), (3, 0), (4, 0), (5, 0), (6, 0), (6, 1), (7, 1), (8, 1), (9, 1), (9, 2), (9, 3), (9, 4), (8, 4), (8, 3), (8, 2), (7, 2), (6, 2), (6, 3), (6, 4)]
path is [(0, 0), (0, 1), (1, 1), (1, 0), (2, 0), (3, 0), (4, 0), (5, 0), (6, 0), (6, 1), (7, 1), (8, 1), (9, 1), (9, 2), (9, 3), (9, 4), (8, 4), (8, 3), (8, 2), (7, 2), (6, 2), (6, 3), (6, 4), (5, 4)]
path is [(0, 0), (0, 1), (1, 1), (1, 0), (2, 0), (3, 0), (4, 0), (5, 0), (6, 0), (6, 1), (7, 1), (8, 1), (9, 1), (9, 2), (9, 3), (9, 4), (8, 4), (8, 3), (8, 2), (7, 2), (6, 2), (6, 3), (6, 4), (5, 4), (5, 3)]
path is [(0, 0), (0, 1), (1, 1), (1, 0), (2, 0), (3, 0), (4, 0), (5, 0), (6, 0), (6, 1), (7, 1), (8, 1), (9, 1), (9, 2), (9, 3), (9, 4), (8, 4), (8, 3), (8, 2), (7, 2), (6, 2), (6, 3), (6, 4), (5, 4), (5, 3), (5, 2)]
path is [(0, 0), (0, 1), (1, 1), (1, 0), (2, 0), (3, 0), (4, 0), (5, 0), (6, 0), (6, 1), (7, 1), (8, 1), (9, 1), (9, 2), (9, 3), (9, 4), (8, 4), (8, 3), (8, 2), (7, 2), (6, 2), (6, 3), (6, 4), (5, 4), (5, 3), (5, 2), (5, 1)]
path is [(0, 0), (0, 1), (1, 1), (1, 0), (2, 0), (3, 0), (4, 0), (5, 0), (6, 0), (6, 1), (7, 1), (8, 1), (9, 1), (9, 2), (9, 3), (9, 4), (8, 4), (8, 3), (8, 2), (7, 2), (6, 2), (6, 3), (6, 4), (5, 4), (5, 3), (5, 2), (5, 1), (4, 1)]
path is [(0, 0), (0, 1), (1, 1), (1, 0), (2, 0), (3, 0), (4, 0), (5, 0), (6, 0), (6, 1), (7, 1), (8, 1), (9, 1), (9, 2), (9, 3), (9, 4), (8, 4), (8, 3), (8, 2), (7, 2), (6, 2), (6, 3), (6, 4), (5, 4), (5, 3), (5, 2), (5, 1), (4, 1), (4, 2)]
path is [(0, 0), (0, 1), (1, 1), (1, 0), (2, 0), (3, 0), (4, 0), (5, 0), (6, 0), (6, 1), (7, 1), (8, 1), (9, 1), (9, 2), (9, 3), (9, 4), (8, 4), (8, 3), (8, 2), (7, 2), (6, 2), (6, 3), (6, 4), (5, 4), (5, 3), (5, 2), (5, 1), (4, 1), (4, 2), (3, 2)]
path is [(0, 0), (0, 1), (1, 1), (1, 0), (2, 0), (3, 0), (4, 0), (5, 0), (6, 0), (6, 1), (7, 1), (8, 1), (9, 1), (9, 2), (9, 3), (9, 4), (8, 4), (8, 3), (8, 2), (7, 2), (6, 2), (6, 3), (6, 4), (5, 4), (5, 3), (5, 2), (5, 1), (4, 1), (4, 2), (3, 2), (2, 2)]
path is [(0, 0), (0, 1), (1, 1), (1, 0), (2, 0), (3, 0), (4, 0), (5, 0), (6, 0), (6, 1), (7, 1), (8, 1), (9, 1), (9, 2), (9, 3), (9, 4), (8, 4), (8, 3), (8, 2), (7, 2), (6, 2), (6, 3), (6, 4), (5, 4), (5, 3), (5, 2), (5, 1), (4, 1), (4, 2), (3, 2), (2, 2), (2, 3)]
path is [(0, 0), (0, 1), (1, 1), (1, 0), (2, 0), (3, 0), (4, 0), (5, 0), (6, 0), (6, 1), (7, 1), (8, 1), (9, 1), (9, 2), (9, 3), (9, 4), (8, 4), (8, 3), (8, 2), (7, 2), (6, 2), (6, 3), (6, 4), (5, 4), (5, 3), (5, 2), (5, 1), (4, 1), (4, 2), (3, 2), (2, 2), (2, 3), (1, 3)]
path is [(0, 0), (0, 1), (1, 1), (1, 0), (2, 0), (3, 0), (4, 0), (5, 0), (6, 0), (6, 1), (7, 1), (8, 1), (9, 1), (9, 2), (9, 3), (9, 4), (8, 4), (8, 3), (8, 2), (7, 2), (6, 2), (6, 3), (6, 4), (5, 4), (5, 3), (5, 2), (5, 1), (4, 1), (4, 2), (3, 2), (2, 2), (2, 3), (1, 3), (0, 3)]
find the path
path is [(0, 0), (0, 1), (1, 1), (1, 0), (2, 0), (3, 0), (4, 0), (5, 0), (6, 0), (6, 1), (7, 1), (8, 1), (9, 1), (9, 2), (9, 3), (9, 4), (8, 4), (8, 3), (8, 2), (7, 2), (6, 2), (6, 3), (6, 4), (5, 4), (5, 3), (5, 2), (5, 1), (4, 1), (4, 2), (3, 2), (2, 2), (2, 3), (1, 3)]
path is [(0, 0), (0, 1), (1, 1), (1, 0), (2, 0), (3, 0), (4, 0), (5, 0), (6, 0), (6, 1), (7, 1), (8, 1), (9, 1), (9, 2), (9, 3), (9, 4), (8, 4), (8, 3), (8, 2), (7, 2), (6, 2), (6, 3), (6, 4), (5, 4), (5, 3), (5, 2), (5, 1), (4, 1), (4, 2), (3, 2), (2, 2), (2, 3)]
path is [(0, 0), (0, 1), (1, 1), (1, 0), (2, 0), (3, 0), (4, 0), (5, 0), (6, 0), (6, 1), (7, 1), (8, 1), (9, 1), (9, 2), (9, 3), (9, 4), (8, 4), (8, 3), (8, 2), (7, 2), (6, 2), (6, 3), (6, 4), (5, 4), (5, 3), (5, 2), (5, 1), (4, 1), (4, 2), (3, 2), (2, 2)]
path is [(0, 0), (0, 1), (1, 1), (1, 0), (2, 0), (3, 0), (4, 0), (5, 0), (6, 0), (6, 1), (7, 1), (8, 1), (9, 1), (9, 2), (9, 3), (9, 4), (8, 4), (8, 3), (8, 2), (7, 2), (6, 2), (6, 3), (6, 4), (5, 4), (5, 3), (5, 2), (5, 1), (4, 1), (4, 2), (3, 2)]
path is [(0, 0), (0, 1), (1, 1), (1, 0), (2, 0), (3, 0), (4, 0), (5, 0), (6, 0), (6, 1), (7, 1), (8, 1), (9, 1), (9, 2), (9, 3), (9, 4), (8, 4), (8, 3), (8, 2), (7, 2), (6, 2), (6, 3), (6, 4), (5, 4), (5, 3), (5, 2), (5, 1), (4, 1), (4, 2)]
path is [(0, 0), (0, 1), (1, 1), (1, 0), (2, 0), (3, 0), (4, 0), (5, 0), (6, 0), (6, 1), (7, 1), (8, 1), (9, 1), (9, 2), (9, 3), (9, 4), (8, 4), (8, 3), (8, 2), (7, 2), (6, 2), (6, 3), (6, 4), (5, 4), (5, 3), (5, 2), (5, 1), (4, 1)]
path is [(0, 0), (0, 1), (1, 1), (1, 0), (2, 0), (3, 0), (4, 0), (5, 0), (6, 0), (6, 1), (7, 1), (8, 1), (9, 1), (9, 2), (9, 3), (9, 4), (8, 4), (8, 3), (8, 2), (7, 2), (6, 2), (6, 3), (6, 4), (5, 4), (5, 3), (5, 2), (5, 1)]
path is [(0, 0), (0, 1), (1, 1), (1, 0), (2, 0), (3, 0), (4, 0), (5, 0), (6, 0), (6, 1), (7, 1), (8, 1), (9, 1), (9, 2), (9, 3), (9, 4), (8, 4), (8, 3), (8, 2), (7, 2), (6, 2), (6, 3), (6, 4), (5, 4), (5, 3), (5, 2)]
path is [(0, 0), (0, 1), (1, 1), (1, 0), (2, 0), (3, 0), (4, 0), (5, 0), (6, 0), (6, 1), (7, 1), (8, 1), (9, 1), (9, 2), (9, 3), (9, 4), (8, 4), (8, 3), (8, 2), (7, 2), (6, 2), (6, 3), (6, 4), (5, 4), (5, 3)]
path is [(0, 0), (0, 1), (1, 1), (1, 0), (2, 0), (3, 0), (4, 0), (5, 0), (6, 0), (6, 1), (7, 1), (8, 1), (9, 1), (9, 2), (9, 3), (9, 4), (8, 4), (8, 3), (8, 2), (7, 2), (6, 2), (6, 3), (6, 4), (5, 4)]
path is [(0, 0), (0, 1), (1, 1), (1, 0), (2, 0), (3, 0), (4, 0), (5, 0), (6, 0), (6, 1), (7, 1), (8, 1), (9, 1), (9, 2), (9, 3), (9, 4), (8, 4), (8, 3), (8, 2), (7, 2), (6, 2), (6, 3), (6, 4)]
path is [(0, 0), (0, 1), (1, 1), (1, 0), (2, 0), (3, 0), (4, 0), (5, 0), (6, 0), (6, 1), (7, 1), (8, 1), (9, 1), (9, 2), (9, 3), (9, 4), (8, 4), (8, 3), (8, 2), (7, 2), (6, 2), (6, 3)]
path is [(0, 0), (0, 1), (1, 1), (1, 0), (2, 0), (3, 0), (4, 0), (5, 0), (6, 0), (6, 1), (7, 1), (8, 1), (9, 1), (9, 2), (9, 3), (9, 4), (8, 4), (8, 3), (8, 2), (7, 2), (6, 2)]
path is [(0, 0), (0, 1), (1, 1), (1, 0), (2, 0), (3, 0), (4, 0), (5, 0), (6, 0), (6, 1), (7, 1), (8, 1), (9, 1), (9, 2), (9, 3), (9, 4), (8, 4), (8, 3), (8, 2), (7, 2)]
path is [(0, 0), (0, 1), (1, 1), (1, 0), (2, 0), (3, 0), (4, 0), (5, 0), (6, 0), (6, 1), (7, 1), (8, 1), (9, 1), (9, 2), (9, 3), (9, 4), (8, 4), (8, 3), (8, 2)]
path is [(0, 0), (0, 1), (1, 1), (1, 0), (2, 0), (3, 0), (4, 0), (5, 0), (6, 0), (6, 1), (7, 1), (8, 1), (9, 1), (9, 2), (9, 3), (9, 4), (8, 4), (8, 3)]
path is [(0, 0), (0, 1), (1, 1), (1, 0), (2, 0), (3, 0), (4, 0), (5, 0), (6, 0), (6, 1), (7, 1), (8, 1), (9, 1), (9, 2), (9, 3), (9, 4), (8, 4)]
path is [(0, 0), (0, 1), (1, 1), (1, 0), (2, 0), (3, 0), (4, 0), (5, 0), (6, 0), (6, 1), (7, 1), (8, 1), (9, 1), (9, 2), (9, 3), (9, 4)]
path is [(0, 0), (0, 1), (1, 1), (1, 0), (2, 0), (3, 0), (4, 0), (5, 0), (6, 0), (6, 1), (7, 1), (8, 1), (9, 1), (9, 2), (9, 3)]
path is [(0, 0), (0, 1), (1, 1), (1, 0), (2, 0), (3, 0), (4, 0), (5, 0), (6, 0), (6, 1), (7, 1), (8, 1), (9, 1), (9, 2)]
path is [(0, 0), (0, 1), (1, 1), (1, 0), (2, 0), (3, 0), (4, 0), (5, 0), (6, 0), (6, 1), (7, 1), (8, 1), (9, 1)]
path is [(0, 0), (0, 1), (1, 1), (1, 0), (2, 0), (3, 0), (4, 0), (5, 0), (6, 0), (6, 1), (7, 1), (8, 1)]
path is [(0, 0), (0, 1), (1, 1), (1, 0), (2, 0), (3, 0), (4, 0), (5, 0), (6, 0), (6, 1), (7, 1)]
path is [(0, 0), (0, 1), (1, 1), (1, 0), (2, 0), (3, 0), (4, 0), (5, 0), (6, 0), (6, 1)]
path is [(0, 0), (0, 1), (1, 1), (1, 0), (2, 0), (3, 0), (4, 0), (5, 0), (6, 0)]
path is [(0, 0), (0, 1), (1, 1), (1, 0), (2, 0), (3, 0), (4, 0), (5, 0)]
path is [(0, 0), (0, 1), (1, 1), (1, 0), (2, 0), (3, 0), (4, 0)]
path is [(0, 0), (0, 1), (1, 1), (1, 0), (2, 0), (3, 0)]
path is [(0, 0), (0, 1), (1, 1), (1, 0), (2, 0)]
path is [(0, 0), (0, 1), (1, 1), (1, 0)]
path is [(0, 0), (0, 1), (1, 1)]
path is [(0, 0), (0, 1)]
path is [(0, 0), (0, 1), (0, 2)]
path is [(0, 0), (0, 1), (0, 2), (1, 2)]
path is [(0, 0), (0, 1), (0, 2)]
path is [(0, 0), (0, 1), (0, 2), (0, 3)]
find the path
path is [(0, 0), (0, 1), (0, 2)]
path is [(0, 0), (0, 1)]
path is [(0, 0)]
[[], []]

(NB_2139) C:\Users\Yash\Downloads>
































































































































































































































































































